0,1,2,3,4,5,6,7,8,9,10,11,12,13,14,15,16,17,18,19,20,21,22,23,24,25,26,27,28,29,30,31,32,33,34,35,36,37,38,39,40,41,42,43,44,45,46,47,48,49,50,51,52,53,54,55,56,57,58,59
0.0,0.0,0.0,0.0,0.0,0.0,0.0,0.0,0.0,0.0,0.0,0.0,0.0,0.0,0.0,0.0,0.0,0.0,0.0,0.0,0.0,0.0,0.0,0.0,0.0,0.0,0.0,0.0,0.0,0.0,0.0,0.0,0.0,0.0,0.0,0.0,0.0,0.0,0.0,0.0,0.0,0.0,0.0,0.0,0.0,0.0,0.0,0.0,0.0,0.0,0.0,0.0,0.0,0.0,0.0,0.0,0.0,0.0,0.0,0.0
0.0,0.0,0.0,0.0,0.0,0.0,0.0,0.0,0.0,0.0,0.0,0.0,0.0,0.0,0.0,0.0,0.0,0.0,0.0,0.0,0.0,0.0,0.0,0.0,0.0,0.0,0.0,0.0,0.0,0.0,0.0,0.0,0.0,0.0,0.0,0.0,0.0,0.0,0.0,0.0,0.0,0.0,0.0,0.0,0.0,0.0,0.0,0.0,0.0,0.0,0.0,0.0,0.0,0.0,0.0,0.0,0.0,0.0,0.0,0.0
0.0,0.0,0.0,0.0,0.0,0.0,0.0,0.0,0.0,0.0,0.0,0.0,0.0,0.0,0.0,0.0,0.0,0.0,0.0,0.0,0.0,0.0,0.0,0.0,0.0,0.0,0.0,0.0,0.0,0.0,0.0,0.0,0.0,0.0,0.0,0.0,0.0,0.0,0.0,0.0,0.0,0.0,0.0,0.0,0.0,0.0,0.0,0.0,0.0,0.0,0.0,0.0,0.0,0.0,0.0,0.0,0.0,0.0,0.0,0.0
0.0,0.0,0.0,0.0,0.0,0.0,0.0,0.0,0.0,0.0,0.0,0.0,0.0,0.0,0.0,0.0,0.0,0.0,0.0,0.0,0.0,0.0,0.0,0.0,0.0,0.0,0.0,0.0,0.0,0.0,0.0,0.0,0.0,0.0,0.0,0.0,0.0,0.0,0.0,0.0,0.0,0.0,0.0,0.0,0.0,0.0,0.0,0.0,0.0,0.0,0.0,0.0,0.0,0.0,0.0,0.0,0.0,0.0,0.0,0.0
0.0,0.0,0.0,0.0,0.0,0.0,0.0,0.0,0.0,0.0,0.0,0.0,0.0,0.0,0.0,0.0,0.0,0.0,0.0,0.0,0.0,0.0,0.0,0.0,0.0,0.0,0.0,0.0,0.0,0.0,0.0,0.0,0.0,0.0,0.0,0.0,0.0,0.0,0.0,0.0,0.0,0.0,0.0,0.0,0.0,0.0,0.0,0.0,0.0,0.0,0.0,0.0,0.0,0.0,0.0,0.0,0.0,0.0,0.0,0.0
0.0,0.0,0.0,0.0,0.0,0.0,0.0,0.0,0.0,0.0,0.0,0.0,0.0,0.0,0.0,0.0,0.0,0.0,0.0,0.0,0.0,0.0,0.0,0.0,0.0,0.0,0.0,0.0,0.0,0.0,0.0,0.0,0.0,0.0,0.0,0.0,0.0,0.0,0.0,0.0,0.0,0.0,0.0,0.0,0.0,0.0,0.0,0.0,0.0,0.0,0.0,0.0,0.0,0.0,0.0,0.0,0.0,0.0,0.0,0.0
0.0,0.0,0.0,0.0,0.0,0.0,0.0,0.0,0.0,0.0,0.0,0.0,0.0,0.0,0.0,0.0,0.0,0.0,0.0,0.0,0.0,0.0,0.0,0.0,0.0,0.0,0.0,0.0,0.0,0.0,0.0,0.0,0.0,0.0,0.0,0.0,0.0,0.0,0.0,0.0,0.0,0.0,0.0,0.0,0.0,0.0,0.0,0.0,0.0,0.0,0.0,0.0,0.0,0.0,0.0,0.0,0.0,0.0,0.0,0.0
0.0,0.0,0.0,0.0,0.0,0.0,0.0,0.0,0.0,0.0,0.0,0.0,0.0,0.0,0.0,0.0,0.0,0.0,0.0,0.0,0.0,0.0,0.0,0.0,0.0,0.0,0.0,0.0,0.0,0.0,0.0,0.0,0.0,0.0,0.0,0.0,0.0,0.0,0.0,0.0,0.0,0.0,0.0,0.0,0.0,0.0,0.0,0.0,0.0,0.0,0.0,0.0,0.0,0.0,0.0,0.0,0.0,0.0,0.0,0.0
0.0,0.0,0.0,0.0,0.0,0.0,0.0,0.0,0.0,0.0,0.0,0.0,0.0,0.0,0.0,0.0,0.0,0.0,0.0,0.0,0.0,0.0,0.0,0.0,0.0,0.0,0.0,0.0,0.0,0.0,0.0,0.0,0.0,0.0,0.0,0.0,0.0,0.0,0.0,0.0,0.0,0.0,0.0,0.0,0.0,0.0,0.0,0.0,0.0,0.0,0.0,0.0,0.0,0.0,0.0,0.0,0.0,0.0,0.0,0.0
0.0,0.0,0.0,0.0,0.0,0.0,0.0,0.0,0.0,0.0,0.0,0.0,0.0,0.0,0.0,0.0,0.0,0.0,0.0,0.0,0.0,0.0,0.0,0.0,0.0,0.0,0.0,0.0,0.0,0.0,0.0,0.0,0.0,0.0,0.0,0.0,0.0,0.0,0.0,0.0,0.0,0.0,0.0,0.0,0.0,0.0,0.0,0.0,0.0,0.0,0.0,0.0,0.0,0.0,0.0,0.0,0.0,0.0,0.0,0.0
0.0,0.0,0.0,0.0,0.0,0.0,0.0,0.0,0.0,0.0,0.0,0.0,0.0,0.0,0.0,0.0,0.0,0.0,0.0,0.0,0.0,0.0,0.0,0.0,0.0,0.0,0.0,0.0,0.0,0.0,0.0,0.0,0.0,0.0,0.0,0.0,0.0,0.0,0.0,0.0,0.0,0.0,0.0,0.0,0.0,0.0,0.0,0.0,0.0,0.0,0.0,0.0,0.0,0.0,0.0,0.0,0.0,0.0,0.0,0.0
0.0,0.0,0.0,0.0,0.0,0.0,0.0,0.0,0.0,0.0,0.0,0.0,0.0,0.0,0.0,0.0,0.0,0.0,0.0,0.0,0.0,0.0,0.0,0.0,0.0,0.0,0.0,0.0,0.0,0.0,0.0,0.0,0.0,0.0,0.0,0.0,0.0,0.0,0.0,0.0,0.0,0.0,0.0,0.0,0.0,0.0,0.0,0.0,0.0,0.0,0.0,0.0,0.0,0.0,0.0,0.0,0.0,0.0,0.0,0.0
0.0,0.0,0.0,0.0,0.0,0.0,0.0,0.0,0.0,0.0,0.0,0.0,0.0,0.0,0.0,0.0,0.0,0.0,0.0,0.0,0.0,0.0,0.0,0.0,0.0,0.0,0.0,0.0,0.0,0.0,0.0,0.0,0.0,0.0,0.0,0.0,0.0,0.0,0.0,0.0,0.0,0.0,0.0,0.0,0.0,0.0,0.0,0.0,0.0,0.0,0.0,0.0,0.0,0.0,0.0,0.0,0.0,0.0,0.0,0.0
0.0,0.0,0.0,0.0,0.0,0.0,0.0,0.0,0.0,0.0,0.0,0.0,0.0,0.0,0.0,0.0,0.0,0.0,0.0,0.0,0.0,0.0,0.0,0.0,0.0,0.0,0.0,0.0,0.0,0.0,0.0,0.0,0.0,0.0,0.0,0.0,0.0,0.0,0.0,0.0,0.0,0.0,0.0,0.0,0.0,0.0,0.0,0.0,0.0,0.0,0.0,0.0,0.0,0.0,0.0,0.0,0.0,0.0,0.0,0.0
-0.8571276664733887,0.05377650260925293,-2.2655222415924072,0.2638062536716461,1.6528542041778564,-0.05404660105705261,-0.49753597378730774,-1.273039698600769,-0.5239086747169495,1.2977489233016968,1.2845056056976318,-0.2012975960969925,-0.7239657640457153,0.9275220632553101,0.4912300407886505,-1.3465825319290161,-0.7007181644439697,-0.8535270690917969,1.2764439582824707,0.2475728839635849,1.7530274391174316,-0.18145093321800232,-1.4877630472183228,0.6600921750068665,-0.2223525047302246,2.2599711418151855,-0.1525694578886032,1.2139464616775513,-0.7097792029380798,-2.700657606124878,0.9304736256599426,1.7479585409164429,2.3932719230651855,-1.225914478302002,-1.0599523782730103,0.6095132231712341,-1.669468641281128,0.8648406267166138,-0.40453195571899414,-2.598306179046631,0.4712240695953369,0.35755738615989685,-0.5383361577987671,3.2530925273895264,-0.23849613964557648,-1.0274105072021484,0.929709792137146,-0.0065964204259216785,1.9918464422225952,-2.6188600063323975,0.37436139583587646,0.36780881881713867,2.489133596420288,-0.5706949234008789,0.3241133987903595,0.4439619183540344,0.07967296987771988,1.6694326400756836,-2.060894727706909,1.1819111108779907
-0.1045788899064064,0.12255360186100006,-0.28492680191993713,0.061434559524059296,0.1737368404865265,0.03381146490573883,0.03640737012028694,-0.20257684588432312,0.02742130681872368,0.16019469499588013,0.27602091431617737,0.07860446721315384,0.11661875993013382,0.191210076212883,-0.16425225138664246,-0.0427883006632328,-0.0014449743321165442,-0.13443803787231445,0.00041320189484395087,0.0414099283516407,0.0003437208943068981,0.1304146945476532,-0.18179582059383392,-0.051061492413282394,-0.13539622724056244,0.33784639835357666,0.010626341216266155,-0.015590857714414597,-0.10976994782686234,-0.35951289534568787,-0.09275925904512405,0.29386457800865173,0.2923048436641693,-0.1697363555431366,-0.2609368860721588,0.014948463067412376,0.0756148248910904,0.1455783098936081,0.06683743745088577,-0.260532021522522,-0.015276492573320866,-0.3189621567726135,-0.04505215585231781,0.2832326889038086,0.042965568602085114,0.006608412601053715,0.20737780630588531,0.022986257448792458,0.25221624970436096,-0.224670872092247,0.026636242866516113,-0.08118318021297455,0.17110779881477356,-0.09494630992412567,-0.18210835754871368,-0.06313640624284744,0.06478086858987808,0.18335862457752228,0.006705702282488346,0.02514575980603695
-1.0528571605682373,0.47327837347984314,-1.2528916597366333,0.7903064489364624,1.854691982269287,-0.09040245413780212,-1.1206618547439575,-0.9352445006370544,0.19680945575237274,0.2949208915233612,0.3229108452796936,0.5293083190917969,0.7415905594825745,-0.2568468153476715,1.4139734506607056,-1.5157777070999146,-0.7424108386039734,-1.7571706771850586,1.122838020324707,0.4087270498275757,0.6879240870475769,-1.5508846044540405,-2.954437494277954,0.6914354562759399,-0.8314052820205688,2.2926881313323975,0.6832630634307861,0.1736776977777481,-0.41722729802131653,-3.6994073390960693,0.5577005743980408,0.4575282633304596,2.166839122772217,-1.1322684288024902,-0.17324012517929077,0.7695031762123108,-0.992928147315979,0.2654739022254944,-0.3806750774383545,-2.8287267684936523,0.42029786109924316,-0.7308253645896912,-0.1430743932723999,3.8036367893218994,-0.06758014112710953,-1.0820046663284302,0.1731996238231659,0.4057779014110565,2.6925270557403564,-1.656251072883606,-0.3757595717906952,-0.08003610372543335,2.41727614402771,0.7096135020256042,-0.6409562826156616,-0.8321812152862549,0.48808813095092773,2.066352128982544,-0.26666054129600525,1.3586221933364868
0.0013071048306301236,0.00941846240311861,-0.012729302980005741,-0.0020322499331086874,0.0013328229542821646,0.00485302833840251,0.00019129595602862537,-0.009904610924422741,0.004478729795664549,0.007205555215477943,0.024309253320097923,0.007087878882884979,0.0014203113969415426,0.015897076576948166,-0.02006652019917965,-0.002991897752508521,-0.002564862836152315,-0.013476170599460602,0.001501882215961814,-0.00216488866135478,0.0060182553716003895,-0.0010119943181052804,-0.015381296165287495,0.0047521102242171764,-0.008507795631885529,0.025792768225073814,0.006902001798152924,-0.010170793160796165,-0.009242982603609562,-0.019704042002558708,-0.00824524275958538,0.02718367613852024,0.017132584005594254,-0.014133351854979992,-0.010081724263727665,0.004076538607478142,0.014764733612537384,0.016645336523652077,0.003376554697751999,-0.012163430452346802,0.004979755263775587,-0.013966740109026432,-0.0026700207963585854,0.01559865940362215,0.0059018428437411785,-0.009104425087571144,0.006640303879976273,0.00388913182541728,0.008193980902433395,-0.01813865825533867,-0.003142812056466937,-0.0042849574238061905,0.0020351808052510023,-0.011428140103816986,-0.008804191835224628,0.007366209290921688,0.013607162050902843,0.009249627590179443,-0.0018961630994454026,0.005489803850650787
-0.05370555445551872,0.0978333130478859,-0.2838892936706543,0.01899627037346363,0.17059054970741272,0.04608217999339104,0.018223246559500694,-0.18903501331806183,0.01310237217694521,0.1642722636461258,0.2219635546207428,0.09567760676145554,0.10631489008665085,0.1603398472070694,-0.1296229362487793,-0.07168608158826828,-0.052552275359630585,-0.16207394003868103,0.07699188590049744,0.005227313376963139,0.008314814418554306,0.08052624017000198,-0.15688249468803406,-0.023153193295001984,-0.11767791211605072,0.33865225315093994,0.06202031299471855,-0.008963999338448048,-0.15646539628505707,-0.367931991815567,-0.06927531957626343,0.2829168140888214,0.3093537390232086,-0.13963337242603302,-0.2226385474205017,0.017902778461575508,0.04275752604007721,0.16970738768577576,0.04943721368908882,-0.245513454079628,-0.0056572058238089085,-0.2553921043872833,-0.025698445737361908,0.2763081192970276,0.03154424577951431,0.007275675423443317,0.13223913311958313,0.053736716508865356,0.27624639868736267,-0.16134855151176453,0.018231626600027084,-0.05076272785663605,0.2119864821434021,-0.0729028731584549,-0.13550317287445068,-0.028809810057282448,0.06058617681264877,0.1839832216501236,0.0012486696941778064,0.04493800923228264
-0.30773457884788513,0.18339379131793976,-1.5498617887496948,-0.24139341711997986,1.2066956758499146,-0.02161252498626709,-0.11709381639957428,-0.9618253707885742,0.27286815643310547,0.835608184337616,0.7404804825782776,0.5386950969696045,0.3902627229690552,0.6159018874168396,-0.5143590569496155,-0.6872700452804565,-0.6952500939369202,-1.157056450843811,0.6195602416992188,-0.05601546913385391,0.24590696394443512,0.002165972488000989,-1.1393835544586182,0.10555331408977509,-0.2934202551841736,1.8638806343078613,0.7048421502113342,-0.024103999137878418,-0.8872485756874084,-1.9330761432647705,-0.18740761280059814,1.257018804550171,1.5176843404769897,-0.7299181222915649,-0.7414976358413696,-0.03955335542559624,-0.1638087034225464,0.8118717074394226,0.04519401863217354,-1.154191255569458,-0.1788734495639801,-0.8063594102859497,-0.18936201930046082,1.5144243240356445,0.22025521099567413,-0.3340264558792114,0.2011687010526657,0.5817070007324219,1.5415111780166626,-0.7835767865180969,0.15086761116981506,-0.14357946813106537,1.0591542720794678,-0.0487016923725605,-0.6217292547225952,0.11207070201635361,0.44648677110671997,0.9223319292068481,-0.4570211172103882,0.18961670994758606
-0.05049518495798111,0.06441658735275269,-0.16602325439453125,0.03197498992085457,0.10909222066402435,0.026813432574272156,-0.0026030107401311398,-0.10405142605304718,0.0160993505269289,0.09280802309513092,0.12497227638959885,0.04117375239729881,0.06262241303920746,0.10419580340385437,-0.07000996917486191,-0.037497472018003464,-0.03472231701016426,-0.11125428974628448,0.02075212448835373,0.02306203730404377,0.019363680854439735,0.0489078126847744,-0.14067788422107697,-0.01688161864876747,-0.0663030669093132,0.19961030781269073,0.03979843109846115,-0.014850904233753681,-0.09822225570678711,-0.22461315989494324,-0.036970991641283035,0.15947483479976654,0.17338262498378754,-0.09323425590991974,-0.1322096884250641,0.007452280260622501,0.018333112820982933,0.0917654037475586,0.02402368187904358,-0.15935881435871124,-0.008108198642730713,-0.17004986107349396,-0.02812398225069046,0.20628418028354645,0.0032029387075453997,-0.01456259936094284,0.1036350354552269,0.02623775601387024,0.16668987274169922,-0.13955990970134735,0.022102007642388344,-0.027750210836529732,0.12019331008195877,-0.058041710406541824,-0.09871726483106613,-0.02269691601395607,0.032848648726940155,0.10649023950099945,-0.01917109079658985,0.030568979680538177
-0.6308841109275818,0.38050898909568787,-1.8241018056869507,0.5875321626663208,2.0169544219970703,1.0924067497253418,-0.4173566699028015,-0.12832847237586975,0.14382265508174896,0.5780395865440369,0.12413424998521805,0.0806506797671318,0.8966116905212402,0.25394412875175476,0.6741882562637329,-1.4684984683990479,-1.4724113941192627,-2.7813117504119873,1.2869927883148193,0.4089401364326477,1.672197937965393,-1.372749924659729,-2.236908435821533,-0.40510669350624084,-1.8145750761032104,1.8411439657211304,1.6519004106521606,0.2622136175632477,-1.7058234214782715,-3.7363948822021484,0.389247864484787,0.061689842492341995,3.451561450958252,-1.9865171909332275,-1.4113489389419556,-0.3250756561756134,0.760129451751709,0.13805271685123444,0.5301242470741272,-1.9513773918151855,0.22125422954559326,-1.1273300647735596,-0.5145997405052185,2.383085250854492,-1.2854595184326172,0.3314894735813141,1.2142280340194702,0.7876200675964355,2.1214873790740967,-1.5939319133758545,0.44157201051712036,0.27463966608047485,1.0510761737823486,1.0324536561965942,-0.4406113624572754,-0.4474989175796509,-0.6261665225028992,1.526994228363037,0.006083402317017317,0.7290260195732117
-0.09620489925146103,0.08794154226779938,-0.8998874425888062,-0.24513447284698486,0.5612826943397522,-0.0015318364603444934,0.06747044622898102,-0.620690643787384,-0.03413045033812523,0.8293677568435669,0.4369456171989441,0.2822795808315277,0.18999004364013672,0.46288979053497314,-0.4701816141605377,-0.3286612629890442,-0.4783657193183899,-0.676642656326294,0.399146169424057,0.05455346032977104,0.13486576080322266,0.14925293624401093,-0.6220553517341614,0.06783600151538849,-0.15317325294017792,1.256104826927185,0.44558706879615784,-0.057241976261138916,-0.754025936126709,-1.1122297048568726,-0.07305848598480225,0.8040153384208679,1.0003008842468262,-0.43187063932418823,-0.5382121205329895,-0.06895174086093903,-0.06294608116149902,0.7530505061149597,-0.0763840451836586,-0.863580048084259,-0.10903230309486389,-0.4822115898132324,-0.2447337657213211,1.1401945352554321,0.1611204445362091,-0.22481854259967804,0.24345842003822327,0.32867690920829773,0.9218278527259827,-0.5080469846725464,0.14238396286964417,0.035413917154073715,0.7996174693107605,-0.3416863977909088,-0.5018673539161682,0.160319983959198,0.3694007992744446,0.5740135312080383,-0.3507121503353119,0.23405206203460693
-0.4251018762588501,0.2701863944530487,-2.413820505142212,0.5533238649368286,1.844641923904419,-0.15249204635620117,-0.49893614649772644,-0.6934074759483337,-0.0606735423207283,0.7521557211875916,0.11602657288312912,0.32847875356674194,0.14240974187850952,0.4306774437427521,1.0455032587051392,-1.4962612390518188,-0.6436254382133484,-1.681322693824768,1.2088570594787598,-0.03096194751560688,1.2660406827926636,-0.8799577951431274,-1.5155538320541382,-0.08590397238731384,-1.711013913154602,2.757678747177124,1.5803929567337036,0.5596476197242737,-1.2823373079299927,-3.1556546688079834,0.12546958029270172,1.006248950958252,2.9818124771118164,-1.2992702722549438,-0.7255038022994995,-0.18210433423519135,-0.5650928020477295,0.5649550557136536,0.3612993061542511,-2.53806209564209,0.4722564220428467,-0.3278374969959259,0.10071579366922379,2.415234327316284,-0.8817333579063416,-0.03310786560177803,0.7927406430244446,0.5554883480072021,3.2873849868774414,-1.70942223072052,0.11547549813985825,0.3321986496448517,1.285506248474121,0.8789437413215637,0.11587010324001312,-0.9998152852058411,0.06272350996732712,2.0802690982818604,0.007067449856549501,1.1329618692398071
-0.07351575791835785,0.05449087172746658,-0.34385767579078674,0.020416658371686935,0.19394713640213013,0.029431812465190887,-0.024848053231835365,-0.1737695038318634,0.04743444174528122,0.1671716868877411,0.15847869217395782,0.0758027508854866,0.07476318627595901,0.15444615483283997,-0.12934860587120056,-0.07014103978872299,-0.09526863694190979,-0.20866668224334717,0.112035371363163,0.02675475738942623,0.0596454031765461,0.02909822203218937,-0.22148191928863525,-0.018998300656676292,-0.07192301005125046,0.3531745374202728,0.15271669626235962,-0.0017597011756151915,-0.20022925734519958,-0.3660193979740143,-0.04106344282627106,0.24435050785541534,0.3240664303302765,-0.16002392768859863,-0.172472283244133,-0.026599014177918434,-0.0017641611630097032,0.16064345836639404,0.01566486619412899,-0.24234239757061005,-0.031056271865963936,-0.2343854010105133,-0.02807045169174671,0.3225732743740082,0.0022764597088098526,-0.05776536464691162,0.11687073856592178,0.11496976763010025,0.2818605899810791,-0.20205536484718323,0.048579275608062744,-0.006796289701014757,0.17972618341445923,-0.05343126133084297,-0.13927321135997772,-0.014180216006934643,0.07277613878250122,0.18739357590675354,-0.08937959372997284,0.017782477661967278
-0.26726680994033813,1.6123948097229004,-2.2591118812561035,0.8573521971702576,2.2633867263793945,1.3149890899658203,-0.9412680864334106,-0.6294109225273132,-0.939690887928009,0.5802920460700989,0.4576900899410248,0.01925823837518692,1.761558175086975,0.6961749196052551,1.2632546424865723,-0.7765868902206421,-0.7041181325912476,-2.9043993949890137,-0.23677384853363037,-0.2899089455604553,1.5010961294174194,-0.3407047390937805,-2.285724639892578,1.0691241025924683,-0.2761734127998352,1.769944429397583,-0.6488861441612244,-0.16617260873317719,-1.9962626695632935,-3.9119796752929688,-1.3024616241455078,0.3797624409198761,2.6780920028686523,-1.9872483015060425,-0.781989574432373,0.6430373191833496,-0.8529649376869202,-1.1561193466186523,-0.006120805628597736,-1.1862404346466064,0.24498340487480164,-1.394545555114746,-0.23456689715385437,1.8980275392532349,-0.46421945095062256,-0.8738519549369812,-0.33244651556015015,-0.49033620953559875,2.4253759384155273,-1.8881033658981323,-0.10065289586782455,-1.46414053440094,1.4731559753417969,-1.029706358909607,-1.197033405303955,-0.44418269395828247,-0.4601454436779022,0.6306034326553345,-1.1423065662384033,0.8441685438156128
-0.011243707500398159,0.001726760994642973,-0.07073017954826355,-0.0048631844110786915,0.030093053355813026,0.014904988929629326,-0.00976164173334837,-0.051423441618680954,0.009364182129502296,0.03094516508281231,0.034319449216127396,0.018376337364315987,0.014969651587307453,0.038827650249004364,-0.03876383230090141,-0.01680237054824829,-0.018591050058603287,-0.03798356279730797,0.015962112694978714,0.0025722444988787174,0.008578894659876823,0.010048315860331059,-0.045683354139328,0.0016183682018890977,-0.006484323646873236,0.07419705390930176,0.03089257702231407,-0.006149154156446457,-0.02820279262959957,-0.0758611336350441,-0.019725525751709938,0.04936319589614868,0.06808897852897644,-0.03528236970305443,-0.033767230808734894,0.0014338414184749126,0.01302734948694706,0.031329989433288574,-0.0034403554163873196,-0.040741339325904846,-0.018043652176856995,-0.05106070637702942,-0.008120404556393623,0.06782366335391998,0.0028957603499293327,-0.017169618979096413,0.02615656889975071,0.029494302347302437,0.06178818270564079,-0.038848165422677994,0.002748836064711213,-0.007385530509054661,0.04310694336891174,-0.010452600196003914,-0.026606323197484016,0.003964269999414682,0.009482907131314278,0.04682158678770065,-0.017780965194106102,0.006718116346746683
-0.1675223857164383,0.1988217681646347,-0.21691027283668518,0.13827043771743774,0.3584273159503937,0.002305824076756835,-0.07996752113103867,-0.20566220581531525,-0.0037208907306194305,0.11317178606987,0.1494709849357605,0.09374545514583588,0.1448788195848465,0.04997573047876358,0.19542279839515686,-0.1509317308664322,-0.06173073872923851,-0.16527701914310455,-0.024966485798358917,0.012308862060308456,0.03948424383997917,0.03612915426492691,-0.3402096927165985,0.11778222769498825,-0.09441398084163666,0.2884811460971832,-0.11856552958488464,-0.05016595497727394,-0.07030870020389557,-0.5109886527061462,-0.06555385887622833,0.21392357349395752,0.2625596523284912,-0.175013929605484,-0.10880738496780396,0.1821187436580658,-0.1810159981250763,0.012610641308128834,-0.024907564744353294,-0.3042082190513611,0.04899522662162781,-0.17114627361297607,-0.007589940447360277,0.3476959466934204,0.04929286241531372,-0.013233207166194916,0.009794618003070354,-0.05432869493961334,0.41087985038757324,-0.22658146917819977,0.03023180365562439,-0.09674033522605896,0.37161099910736084,-0.06868840008974075,-0.12678708136081696,-0.11864255368709564,0.0914539098739624,0.22825469076633453,-0.06928020715713501,0.1322958767414093
-1.8321524858474731,0.5134606957435608,-1.3762695789337158,1.0000789165496826,2.001641035079956,-0.5975738167762756,-0.3971536159515381,-1.6849087476730347,-0.1816481202840805,0.8807733058929443,0.19067220389842987,0.5480594038963318,0.22071197628974915,0.20661523938179016,0.9598393440246582,-1.360241174697876,-0.49915561079978943,-0.3806624114513397,0.4229857325553894,0.15508900582790375,-0.14663811028003693,0.09584078937768936,-2.4167191982269287,0.23577767610549927,-0.5762655735015869,2.7559525966644287,0.29046934843063354,-0.7573663592338562,-0.1691325604915619,-2.3866565227508545,0.520301342010498,1.5853782892227173,1.1917901039123535,-0.515920102596283,-0.23204578459262848,0.8478896021842957,-1.6283572912216187,1.4290258884429932,-0.8914694786071777,-3.255955457687378,0.3368462026119232,-0.36221563816070557,-0.1798458695411682,3.4719786643981934,-0.14744816720485687,-1.4644423723220825,0.2851433753967285,0.1425364762544632,3.63830304145813,-1.8957964181900024,-0.29967278242111206,0.5401932597160339,2.6119155883789062,-0.09592647105455399,-0.6147831082344055,-0.6818556189537048,1.5787396430969238,2.264871835708618,-0.7500618100166321,0.892480194568634
-0.021307336166501045,0.017095956951379776,-0.05365113541483879,0.017007919028401375,0.025705475360155106,0.00709214573726058,-0.008982539176940918,-0.03767678514122963,-0.0016160175437107682,0.023728223517537117,0.040648676455020905,0.017017286270856857,0.02155693992972374,0.03400783613324165,-0.009919721633195877,-0.011065681464970112,0.0048384638503193855,-0.029142532497644424,0.008675992488861084,0.007887628860771656,0.002331552328541875,0.03016490675508976,-0.038944780826568604,-0.0036889889743179083,-0.02775624766945839,0.050712548196315765,-0.0018387514865025878,-0.007042515557259321,-0.015723997727036476,-0.06838047504425049,-0.015105687081813812,0.05947701632976532,0.05978260189294815,-0.020245911553502083,-0.04656469449400902,0.005469363648444414,-0.00196713674813509,0.018216589465737343,0.012184725143015385,-0.04375116527080536,0.00209989445284009,-0.048478320240974426,-0.009031860157847404,0.038897186517715454,0.016404636204242706,0.003446117741987109,0.02702477015554905,0.008366807363927364,0.05151804909110069,-0.03975049406290054,0.012224181555211544,-0.020652536302804947,0.033724550157785416,-0.011366194114089012,-0.018388058990240097,-0.012220118194818497,0.003227856243029237,0.029992135241627693,0.006165359169244766,0.00486551970243454
-0.18427932262420654,0.17206808924674988,-0.5295272469520569,0.13920842111110687,0.28602683544158936,0.008610529825091362,0.06222882866859436,-0.3798564076423645,0.09404288977384567,0.23603396117687225,0.3798183798789978,0.16850188374519348,0.18067839741706848,0.3715892732143402,-0.2590028643608093,-0.08910941332578659,-0.00043150788405910134,-0.16910195350646973,0.005131999030709267,0.050491802394390106,-0.011604774743318558,0.2343427538871765,-0.2469892054796219,-0.03943415358662605,-0.23480604588985443,0.635291576385498,0.08304718136787415,-0.07059723883867264,-0.12339048087596893,-0.5613822937011719,-0.14042074978351593,0.484943151473999,0.47066694498062134,-0.23121921718120575,-0.3634953796863556,0.009819827042520046,0.1217852234840393,0.24048174917697906,0.13833028078079224,-0.38061046600341797,-0.04366098344326019,-0.521091103553772,-0.025165170431137085,0.4100336730480194,0.07974058389663696,-0.01863452047109604,0.26036685705184937,0.07772719115018845,0.4698869287967682,-0.3215017318725586,0.03482666239142418,-0.1385544240474701,0.26750802993774414,-0.07217840105295181,-0.21648794412612915,-0.12702956795692444,0.1272238790988922,0.30787360668182373,0.05575201287865639,0.018500156700611115
-0.02669723890721798,0.02117358334362507,-0.08282115310430527,0.009800954721868038,0.04873912036418915,0.005363549571484327,0.008815665729343891,-0.060431454330682755,0.0095811253413558,0.046067386865615845,0.07463657855987549,0.03385048359632492,0.03545026853680611,0.054340094327926636,-0.053597502410411835,-0.011936409398913383,-0.010095557197928429,-0.037128765136003494,0.0005412169266492128,0.0199239794164896,-0.008218809962272644,0.03491292893886566,-0.05111387372016907,-0.00933120772242546,-0.03986824303865433,0.10331925004720688,0.001641953131183982,-0.016268402338027954,-0.029152560979127884,-0.09415283054113388,-0.0199053306132555,0.0894559919834137,0.07657666504383087,-0.03791412338614464,-0.07106131315231323,0.0007832336705178022,0.0341481976211071,0.038796648383140564,0.02728545479476452,-0.06231529265642166,-0.008381466381251812,-0.08365464210510254,-0.007924030534923077,0.06749515235424042,0.012557581067085266,-0.004504081793129444,0.04548030346632004,0.01749780960381031,0.08096697181463242,-0.052980367094278336,0.010050272569060326,-0.028773557394742966,0.047911785542964935,-0.011395870707929134,-0.04591618478298187,-0.020019840449094772,0.017135819420218468,0.060666460543870926,0.013874918222427368,0.0035812733694911003
-0.043388791382312775,0.04854115843772888,-0.14924928545951843,0.02410898171365261,0.08076469600200653,0.025240648537874222,0.00950497668236494,-0.12221875041723251,0.02118224836885929,0.06524664908647537,0.13261669874191284,0.05288316309452057,0.059611838310956955,0.11265469342470169,-0.09451473504304886,-0.027644038200378418,-0.020284857600927353,-0.08536329865455627,0.012701168656349182,0.021305091679096222,0.00023984820290934294,0.0600743293762207,-0.09008416533470154,-0.013017331250011921,-0.05025207996368408,0.18726953864097595,0.02775784209370613,-0.015821155160665512,-0.0625298023223877,-0.18019407987594604,-0.04651776701211929,0.1458471417427063,0.14907193183898926,-0.08625619113445282,-0.13223057985305786,-0.004622467327862978,0.0370628796517849,0.06264517456293106,0.04189297929406166,-0.12113220989704132,-0.02038160152733326,-0.17424535751342773,-0.011470590718090534,0.13440051674842834,0.014080704189836979,-0.008351183496415615,0.09836646169424057,0.03688458725810051,0.13690434396266937,-0.08790679275989532,0.014320291578769684,-0.04099766165018082,0.09039117395877838,-0.04941102862358093,-0.08625806868076324,-0.029723316431045532,0.02987729385495186,0.09630750864744186,0.009589038789272308,-0.002255950588732958
-0.027506794780492783,0.03124583326280117,-0.056485820561647415,0.02622544951736927,0.04276943951845169,-0.0013641571858897805,0.013990201987326145,-0.06726929545402527,0.003701125970110297,0.029371848329901695,0.06766191124916077,0.03385413438081741,0.04190940409898758,0.045166656374931335,-0.025229085236787796,-0.019094690680503845,0.002578194485977292,-0.02879934199154377,-0.005805006716400385,0.013473309576511383,-0.019114263355731964,0.04792735353112221,-0.05255806818604469,0.003256365656852722,-0.017327003180980682,0.08957887440919876,-0.008252372965216637,-0.020582670345902443,-0.012280470691621304,-0.08807994425296783,-0.021989353001117706,0.07481613755226135,0.07307577133178711,-0.042618703097105026,-0.049794767051935196,0.013740483671426773,0.010483821853995323,0.022867858409881592,0.009601473808288574,-0.06982972472906113,0.0036145492922514677,-0.0776895210146904,0.0041137817315757275,0.061388660222291946,0.016848059371113777,-0.012198745273053646,0.041305989027023315,0.009731867350637913,0.07263043522834778,-0.04378800094127655,0.0010061434004455805,-0.019611427560448647,0.06061900779604912,-0.03534183278679848,-0.04012323170900345,-0.015199091285467148,0.020509185269474983,0.04846644401550293,0.0014810396824032068,-0.0003380971902515739
-0.036424193531274796,0.03620656952261925,-0.09179936349391937,0.009375407360494137,0.04475022852420807,0.017766756936907768,0.007404526695609093,-0.07415007054805756,0.022342706099152565,0.04286731034517288,0.08254541456699371,0.028649505227804184,0.04027138650417328,0.07213617861270905,-0.051631342619657516,-0.01738513819873333,-0.01504994835704565,-0.044449832290410995,0.010472114197909832,0.015339245088398457,0.0005094125517643988,0.04864853248000145,-0.05680825561285019,-0.012849782593548298,-0.03188808262348175,0.11949455738067627,0.009098305366933346,-0.011394771747291088,-0.026720644906163216,-0.09763170778751373,-0.03694958612322807,0.08647142350673676,0.09206252545118332,-0.049665533006191254,-0.08185773342847824,0.0031668394804000854,0.03348487243056297,0.03448856249451637,0.01300875935703516,-0.06807194650173187,-0.007735398598015308,-0.0930546373128891,-0.0009671843145042658,0.08532185852527618,0.01884894073009491,-0.014295445755124092,0.0493689700961113,0.014481157064437866,0.07736623287200928,-0.05767346918582916,0.0031049796380102634,-0.027979647740721703,0.05600064620375633,-0.028438212350010872,-0.04686204344034195,-0.006778559181839228,0.021367203444242477,0.06720951944589615,0.009265707805752754,0.0033226327504962683
-0.27469882369041443,0.34507811069488525,-0.6995468139648438,0.04889458417892456,0.5983549356460571,0.04030126333236694,0.09058942645788193,-0.7031410932540894,0.07635468244552612,0.48716869950294495,0.7405924201011658,0.32915470004081726,0.3921172320842743,0.5038071870803833,-0.37369585037231445,-0.28509294986724854,-0.14578339457511902,-0.3966904282569885,0.049721427261829376,0.07958973944187164,-0.11621136963367462,0.39480674266815186,-0.5261846780776978,-0.00871329940855503,-0.2814525365829468,0.9962545037269592,-0.04135378077626228,-0.10962696373462677,-0.28077253699302673,-1.05889093875885,-0.2766820192337036,0.9411038160324097,0.733518123626709,-0.42047661542892456,-0.6937296986579895,0.15373922884464264,0.05757315456867218,0.4470595419406891,0.11009453982114792,-0.7286531329154968,-0.04365706816315651,-0.7816303372383118,-0.09465809166431427,0.7801517248153687,0.23989881575107574,-0.024614213034510612,0.40936213731765747,0.12172964215278625,0.8724201917648315,-0.43519648909568787,0.026078185066580772,-0.26267102360725403,0.6988282203674316,-0.2649024426937103,-0.5020932555198669,-0.07904836535453796,0.28026339411735535,0.5926204323768616,-0.036120232194662094,0.05822869390249252
-0.45537319779396057,0.4166983366012573,-1.4180073738098145,0.34838297963142395,0.9664812684059143,0.10944970697164536,-0.027755411341786385,-0.8751615881919861,0.26807740330696106,0.5837188959121704,0.8186023235321045,0.42157238721847534,0.4515736401081085,0.6410329937934875,-0.33150631189346313,-0.22907313704490662,-0.22009707987308502,-0.6074260473251343,0.09122580289840698,0.03230772912502289,0.19562199711799622,0.41389918327331543,-0.8967761397361755,0.09639404714107513,-0.3560926914215088,1.4118176698684692,0.13968712091445923,-0.1825508326292038,-0.5027948617935181,-1.6009348630905151,-0.30993565917015076,1.0463389158248901,1.1955907344818115,-0.5876954197883606,-0.6631646156311035,0.17481382191181183,-0.12567666172981262,0.4209735691547394,0.16705943644046783,-0.8164433836936951,-0.1276106983423233,-1.0405352115631104,-0.0022259762044996023,1.0361151695251465,0.24705547094345093,-0.1609347015619278,0.3001563847064972,0.14555014669895172,1.1525499820709229,-0.8346837162971497,0.20966960489749908,-0.27275651693344116,0.8823472857475281,-0.28504371643066406,-0.5707709193229675,-0.18074758350849152,0.3130439221858978,0.6756280660629272,-0.23062916100025177,0.11910650879144669
-0.046262603253126144,0.03627995029091835,-0.08630247414112091,0.02909434400498867,0.044394396245479584,0.014767562039196491,0.019540539011359215,-0.08883408457040787,0.02141982689499855,0.03589443117380142,0.09743965417146683,0.031503643840551376,0.05385284125804901,0.08430606871843338,-0.05529513582587242,-0.023841137066483498,-0.004727986175566912,-0.028470782563090324,-0.008737602271139622,0.015605836175382137,-0.011650001630187035,0.059158846735954285,-0.06741829961538315,-0.008165029808878899,-0.04225224629044533,0.12196113169193268,0.007049477659165859,-0.024838894605636597,-0.030555471777915955,-0.11890359222888947,-0.040847718715667725,0.10668196529150009,0.09642425179481506,-0.04304945468902588,-0.0871485024690628,0.009675080887973309,0.03847886994481087,0.05185254290699959,0.022865356877446175,-0.10077840089797974,-0.0002677534648682922,-0.11033852398395538,-0.009559959173202515,0.09821475297212601,0.01755201444029808,-0.002170092659071088,0.0745680183172226,0.009906068444252014,0.09222503751516342,-0.06287150084972382,0.0022141633089631796,-0.036183957010507584,0.051865871995687485,-0.03075173683464527,-0.05145508050918579,-0.025844141840934753,0.03783314675092697,0.07760612666606903,0.022241855040192604,-0.001401314395479858
-0.030727891251444817,-0.2243119478225708,-1.9184870719909668,-0.2739497721195221,1.2107791900634766,0.3068772554397583,-0.17712992429733276,-1.4771639108657837,0.2638513445854187,0.9369211196899414,0.5802643299102783,1.0989062786102295,0.5811877846717834,0.21349655091762543,-0.5005354285240173,-0.9560225009918213,-1.040804386138916,-1.2351553440093994,1.1950640678405762,-0.471885085105896,0.21062776446342468,0.22746646404266357,-1.34569251537323,0.6598989367485046,0.08702477812767029,1.769235372543335,0.4261643588542938,-0.26766330003738403,-0.9893221259117126,-2.4781315326690674,-0.19375623762607574,1.608351707458496,1.6598643064498901,-0.20330534875392914,-0.3208197057247162,0.40754732489585876,-0.5966203808784485,1.0309159755706787,-0.3147692382335663,-1.0102357864379883,-0.26822298765182495,-0.2635607123374939,0.13470549881458282,1.6307921409606934,0.5517471432685852,-0.7143704295158386,-0.275879442691803,0.7574764490127563,1.907489538192749,-0.1777733713388443,0.16077233850955963,-0.15139976143836975,2.1040847301483154,-0.3361285328865051,-0.4986509084701538,0.859481155872345,0.7240424156188965,1.4274580478668213,-0.6192283034324646,0.014710656367242336
-0.5855940580368042,0.8538317084312439,-1.3906278610229492,0.040813546627759933,1.1328144073486328,0.029468728229403496,0.7274079322814941,-2.012113332748413,-0.01652364246547222,1.2966536283493042,2.1878206729888916,1.0138963460922241,1.0149462223052979,1.5462795495986938,-1.2002756595611572,-0.7110421657562256,0.04040791094303131,-0.46460893750190735,-0.0859600231051445,0.0025968500413000584,-0.7846336960792542,1.5268502235412598,-0.7903910875320435,-0.03155248984694481,-0.8634107112884521,2.5227103233337402,-0.6939740180969238,-0.3935456871986389,-0.36911675333976746,-2.281447410583496,-0.7360584735870361,2.7627816200256348,1.5032297372817993,-0.5923591256141663,-1.8851021528244019,0.5455939769744873,0.4857732653617859,1.364436149597168,0.3503314256668091,-1.8381280899047852,-0.0499144084751606,-1.7811832427978516,-0.17025601863861084,1.4667458534240723,0.9994468688964844,0.06654458492994308,1.0816071033477783,-0.12141922861337662,1.9989484548568726,-0.7253531813621521,-0.18239422142505646,-0.8459694981575012,1.6495574712753296,-0.7095401287078857,-1.1805912256240845,-0.09610803425312042,0.9123796224594116,1.2473771572113037,0.5484281778335571,0.17478890717029572
-0.05076181888580322,0.04694422706961632,-0.1024879738688469,0.015757257118821144,0.05641412362456322,0.016434278339147568,0.014329182915389538,-0.09107674658298492,0.01572589948773384,0.0513773150742054,0.10212354362010956,0.03770316019654274,0.045401476323604584,0.08138479292392731,-0.07038559019565582,-0.024129796773195267,0.0019130863947793841,-0.04041687026619911,0.00046216079499572515,0.014861639589071274,-0.014550711959600449,0.05706243962049484,-0.06239686906337738,-0.0075243571773171425,-0.039669331163167953,0.1430259495973587,-0.014605307020246983,-0.013845738023519516,-0.033068593591451645,-0.13187211751937866,-0.04172324761748314,0.13384361565113068,0.09008444100618362,-0.05304087698459625,-0.10208111256361008,0.014358949847519398,0.03472617641091347,0.046932414174079895,0.016799025237560272,-0.10831551998853683,-0.010191862471401691,-0.12645384669303894,-0.0026150739286094904,0.09347274154424667,0.017437240108847618,-0.009841615334153175,0.07404958456754684,0.013593718409538269,0.1094554215669632,-0.0724867582321167,-0.004785856232047081,-0.028373677283525467,0.06575755774974823,-0.03049035184085369,-0.07104616612195969,-0.0177096426486969,0.04171222820878029,0.07653897255659103,0.01803472824394703,0.0017405026592314243
-0.009154636412858963,0.0029496983624994755,-0.01781771518290043,0.016216251999139786,0.005734838545322418,0.002599941799417138,0.006769814994186163,-0.031153155490756035,-0.0013508083065971732,0.010062948800623417,0.02472846955060959,0.01937246136367321,0.01656278967857361,0.03244367614388466,-0.014639039523899555,-0.004475386347621679,0.01025431789457798,0.00731669832020998,-0.006968049332499504,-0.001042546471580863,-0.02066597156226635,0.020068051293492317,-0.017118869349360466,0.0035162917338311672,-0.025031762197613716,0.039039719849824905,-0.011610917747020721,-0.011858468875288963,0.0048553296364843845,-0.02792169712483883,-0.006254637613892555,0.04279720410704613,0.024544384330511093,-0.0012869713827967644,-0.033807169646024704,0.006870603188872337,0.005495332181453705,0.01977093145251274,0.00020848284475505352,-0.032815925776958466,-0.004676944576203823,-0.029307324439287186,0.005305506754666567,0.02232987806200981,0.009552644565701485,0.005455725826323032,0.029169481247663498,0.009965576231479645,0.028748461976647377,-0.018724050372838974,-0.01195303350687027,-0.014153018593788147,0.022725027054548264,-0.0028324248269200325,-0.019375689327716827,-0.00433728052303195,0.01750596985220909,0.027779070660471916,0.02058495581150055,0.0018044606549665332
-0.01064280141144991,0.013928073458373547,-0.031197702512145042,0.012610678561031818,0.017986970022320747,0.004454845562577248,0.013791883364319801,-0.03301546722650528,0.0007065942627377808,0.00734435860067606,0.025982683524489403,0.014389182440936565,0.02122686244547367,0.02138209156692028,-0.008533944375813007,-0.01378616876900196,-0.003185063134878874,0.0008606432820670307,-0.000564057263545692,0.009165357798337936,-0.00355804362334311,0.021047938615083694,-0.01240574847906828,-0.003252366092056036,-0.013914484530687332,0.044709254056215286,-0.0019658375531435013,-0.009739584289491177,-0.006766636855900288,-0.02922338992357254,-0.003731357865035534,0.045152824372053146,0.03358932211995125,-0.012169054709374905,-0.023846447467803955,0.0036129632499068975,0.0020987458992749453,0.02413244917988777,0.010987893678247929,-0.028750821948051453,-0.002333468059077859,-0.022626856341958046,-0.0015180079499259591,0.019984830170869827,0.00845743715763092,-0.005055521614849567,0.018200213089585304,0.007479348219931126,0.042699966579675674,-0.025306399911642075,-0.012181981466710567,-0.013395263813436031,0.016574488952755928,-0.008473196066915989,-0.007006877101957798,-0.00441729836165905,0.01723947748541832,0.021082734689116478,0.003342321142554283,0.007742130663245916
-0.04124008119106293,0.04250084236264229,-0.1007537841796875,0.020328808575868607,0.050729624927043915,0.024776151403784752,0.01378893107175827,-0.09384646266698837,0.017237089574337006,0.04868698865175247,0.10042186826467514,0.035616617649793625,0.05317022278904915,0.08627791702747345,-0.06500019133090973,-0.02820587158203125,-0.012322398833930492,-0.05725056678056717,0.0029986000154167414,0.01638232357800007,-0.004840397741645575,0.052857495844364166,-0.06529305875301361,-0.006984857842326164,-0.046221859753131866,0.13998831808567047,0.0016605467535555363,-0.012717616744339466,-0.03807234391570091,-0.1389700174331665,-0.04059956595301628,0.1179235503077507,0.10806197673082352,-0.058045174926519394,-0.09999401122331619,0.008840690366923809,0.029851669445633888,0.04138496518135071,0.02381668984889984,-0.08593015372753143,-0.006510019302368164,-0.12838642299175262,-0.00667690671980381,0.10419651120901108,0.022153861820697784,-0.005244522355496883,0.07454539090394974,0.0265360064804554,0.09131386876106262,-0.06175869330763817,0.005987968295812607,-0.03307317942380905,0.05868775397539139,-0.0362309105694294,-0.059006303548812866,-0.020660167559981346,0.03509325161576271,0.07328660786151886,0.007705750409513712,-0.014080137945711613
-0.03907735273241997,0.03972714766860008,-0.06128120794892311,0.015355192124843597,0.04033062979578972,0.018354395404458046,0.012768732383847237,-0.05834023654460907,1.3781420420855284e-05,0.03450002148747444,0.0805433988571167,0.023602217435836792,0.03545602038502693,0.06269238144159317,-0.03969419375061989,-0.015578375197947025,-0.0015964247286319733,-0.0272018201649189,-0.009095598012208939,0.01837526261806488,-0.008062073960900307,0.043604932725429535,-0.044141143560409546,-0.0016865452053025365,-0.04197634011507034,0.09110108762979507,-0.002045519882813096,-0.012174902483820915,-0.02690388448536396,-0.09075894951820374,-0.026630457490682602,0.08637847751379013,0.0823751911520958,-0.03168657049536705,-0.07357873767614365,-0.0006323098205029964,0.0297715924680233,0.03889087587594986,0.016487210988998413,-0.07238689064979553,-0.00776872830465436,-0.08915635943412781,-0.012873973697423935,0.07573257386684418,0.004706745967268944,-0.0025066507514566183,0.05704297870397568,0.0006578428437933326,0.07444916665554047,-0.06287742406129837,0.0013055294984951615,-0.021329594776034355,0.05060819536447525,-0.02625710889697075,-0.051286082714796066,-0.020692376419901848,0.02748110704123974,0.05477169528603554,0.019304152578115463,-0.001981619745492935
0.0,0.0,0.0,0.0,0.0,0.0,0.0,0.0,0.0,0.0,0.0,0.0,0.0,0.0,0.0,0.0,0.0,0.0,0.0,0.0,0.0,0.0,0.0,0.0,0.0,0.0,0.0,0.0,0.0,0.0,0.0,0.0,0.0,0.0,0.0,0.0,0.0,0.0,0.0,0.0,0.0,0.0,0.0,0.0,0.0,0.0,0.0,0.0,0.0,0.0,0.0,0.0,0.0,0.0,0.0,0.0,0.0,0.0,0.0,0.0
0.0,0.0,0.0,0.0,0.0,0.0,0.0,0.0,0.0,0.0,0.0,0.0,0.0,0.0,0.0,0.0,0.0,0.0,0.0,0.0,0.0,0.0,0.0,0.0,0.0,0.0,0.0,0.0,0.0,0.0,0.0,0.0,0.0,0.0,0.0,0.0,0.0,0.0,0.0,0.0,0.0,0.0,0.0,0.0,0.0,0.0,0.0,0.0,0.0,0.0,0.0,0.0,0.0,0.0,0.0,0.0,0.0,0.0,0.0,0.0
0.0,0.0,0.0,0.0,0.0,0.0,0.0,0.0,0.0,0.0,0.0,0.0,0.0,0.0,0.0,0.0,0.0,0.0,0.0,0.0,0.0,0.0,0.0,0.0,0.0,0.0,0.0,0.0,0.0,0.0,0.0,0.0,0.0,0.0,0.0,0.0,0.0,0.0,0.0,0.0,0.0,0.0,0.0,0.0,0.0,0.0,0.0,0.0,0.0,0.0,0.0,0.0,0.0,0.0,0.0,0.0,0.0,0.0,0.0,0.0
0.0,0.0,0.0,0.0,0.0,0.0,0.0,0.0,0.0,0.0,0.0,0.0,0.0,0.0,0.0,0.0,0.0,0.0,0.0,0.0,0.0,0.0,0.0,0.0,0.0,0.0,0.0,0.0,0.0,0.0,0.0,0.0,0.0,0.0,0.0,0.0,0.0,0.0,0.0,0.0,0.0,0.0,0.0,0.0,0.0,0.0,0.0,0.0,0.0,0.0,0.0,0.0,0.0,0.0,0.0,0.0,0.0,0.0,0.0,0.0
0.0,0.0,0.0,0.0,0.0,0.0,0.0,0.0,0.0,0.0,0.0,0.0,0.0,0.0,0.0,0.0,0.0,0.0,0.0,0.0,0.0,0.0,0.0,0.0,0.0,0.0,0.0,0.0,0.0,0.0,0.0,0.0,0.0,0.0,0.0,0.0,0.0,0.0,0.0,0.0,0.0,0.0,0.0,0.0,0.0,0.0,0.0,0.0,0.0,0.0,0.0,0.0,0.0,0.0,0.0,0.0,0.0,0.0,0.0,0.0
0.0,0.0,0.0,0.0,0.0,0.0,0.0,0.0,0.0,0.0,0.0,0.0,0.0,0.0,0.0,0.0,0.0,0.0,0.0,0.0,0.0,0.0,0.0,0.0,0.0,0.0,0.0,0.0,0.0,0.0,0.0,0.0,0.0,0.0,0.0,0.0,0.0,0.0,0.0,0.0,0.0,0.0,0.0,0.0,0.0,0.0,0.0,0.0,0.0,0.0,0.0,0.0,0.0,0.0,0.0,0.0,0.0,0.0,0.0,0.0
0.0,0.0,0.0,0.0,0.0,0.0,0.0,0.0,0.0,0.0,0.0,0.0,0.0,0.0,0.0,0.0,0.0,0.0,0.0,0.0,0.0,0.0,0.0,0.0,0.0,0.0,0.0,0.0,0.0,0.0,0.0,0.0,0.0,0.0,0.0,0.0,0.0,0.0,0.0,0.0,0.0,0.0,0.0,0.0,0.0,0.0,0.0,0.0,0.0,0.0,0.0,0.0,0.0,0.0,0.0,0.0,0.0,0.0,0.0,0.0
0.0,0.0,0.0,0.0,0.0,0.0,0.0,0.0,0.0,0.0,0.0,0.0,0.0,0.0,0.0,0.0,0.0,0.0,0.0,0.0,0.0,0.0,0.0,0.0,0.0,0.0,0.0,0.0,0.0,0.0,0.0,0.0,0.0,0.0,0.0,0.0,0.0,0.0,0.0,0.0,0.0,0.0,0.0,0.0,0.0,0.0,0.0,0.0,0.0,0.0,0.0,0.0,0.0,0.0,0.0,0.0,0.0,0.0,0.0,0.0
0.0,0.0,0.0,0.0,0.0,0.0,0.0,0.0,0.0,0.0,0.0,0.0,0.0,0.0,0.0,0.0,0.0,0.0,0.0,0.0,0.0,0.0,0.0,0.0,0.0,0.0,0.0,0.0,0.0,0.0,0.0,0.0,0.0,0.0,0.0,0.0,0.0,0.0,0.0,0.0,0.0,0.0,0.0,0.0,0.0,0.0,0.0,0.0,0.0,0.0,0.0,0.0,0.0,0.0,0.0,0.0,0.0,0.0,0.0,0.0
0.0,0.0,0.0,0.0,0.0,0.0,0.0,0.0,0.0,0.0,0.0,0.0,0.0,0.0,0.0,0.0,0.0,0.0,0.0,0.0,0.0,0.0,0.0,0.0,0.0,0.0,0.0,0.0,0.0,0.0,0.0,0.0,0.0,0.0,0.0,0.0,0.0,0.0,0.0,0.0,0.0,0.0,0.0,0.0,0.0,0.0,0.0,0.0,0.0,0.0,0.0,0.0,0.0,0.0,0.0,0.0,0.0,0.0,0.0,0.0
0.0,0.0,0.0,0.0,0.0,0.0,0.0,0.0,0.0,0.0,0.0,0.0,0.0,0.0,0.0,0.0,0.0,0.0,0.0,0.0,0.0,0.0,0.0,0.0,0.0,0.0,0.0,0.0,0.0,0.0,0.0,0.0,0.0,0.0,0.0,0.0,0.0,0.0,0.0,0.0,0.0,0.0,0.0,0.0,0.0,0.0,0.0,0.0,0.0,0.0,0.0,0.0,0.0,0.0,0.0,0.0,0.0,0.0,0.0,0.0
0.0,0.0,0.0,0.0,0.0,0.0,0.0,0.0,0.0,0.0,0.0,0.0,0.0,0.0,0.0,0.0,0.0,0.0,0.0,0.0,0.0,0.0,0.0,0.0,0.0,0.0,0.0,0.0,0.0,0.0,0.0,0.0,0.0,0.0,0.0,0.0,0.0,0.0,0.0,0.0,0.0,0.0,0.0,0.0,0.0,0.0,0.0,0.0,0.0,0.0,0.0,0.0,0.0,0.0,0.0,0.0,0.0,0.0,0.0,0.0
0.0,0.0,0.0,0.0,0.0,0.0,0.0,0.0,0.0,0.0,0.0,0.0,0.0,0.0,0.0,0.0,0.0,0.0,0.0,0.0,0.0,0.0,0.0,0.0,0.0,0.0,0.0,0.0,0.0,0.0,0.0,0.0,0.0,0.0,0.0,0.0,0.0,0.0,0.0,0.0,0.0,0.0,0.0,0.0,0.0,0.0,0.0,0.0,0.0,0.0,0.0,0.0,0.0,0.0,0.0,0.0,0.0,0.0,0.0,0.0
0.0,0.0,0.0,0.0,0.0,0.0,0.0,0.0,0.0,0.0,0.0,0.0,0.0,0.0,0.0,0.0,0.0,0.0,0.0,0.0,0.0,0.0,0.0,0.0,0.0,0.0,0.0,0.0,0.0,0.0,0.0,0.0,0.0,0.0,0.0,0.0,0.0,0.0,0.0,0.0,0.0,0.0,0.0,0.0,0.0,0.0,0.0,0.0,0.0,0.0,0.0,0.0,0.0,0.0,0.0,0.0,0.0,0.0,0.0,0.0
0.0,0.0,0.0,0.0,0.0,0.0,0.0,0.0,0.0,0.0,0.0,0.0,0.0,0.0,0.0,0.0,0.0,0.0,0.0,0.0,0.0,0.0,0.0,0.0,0.0,0.0,0.0,0.0,0.0,0.0,0.0,0.0,0.0,0.0,0.0,0.0,0.0,0.0,0.0,0.0,0.0,0.0,0.0,0.0,0.0,0.0,0.0,0.0,0.0,0.0,0.0,0.0,0.0,0.0,0.0,0.0,0.0,0.0,0.0,0.0
